-200.7179	-146.7499	-492.2903
-220.5713	-146.7499	-359.1583
-399.4869	-146.7499	-433.1823
-320.4702	-146.75	-168.0674
-122.7692	113.25	-168.1365
-138.359	89.24997	-141.7672
-385.8459	193.2499	-163.3518
-331.2818	191.25	18.40209
200.7178	-146.7499	-130.998
220.5712	-146.75	37.87001
399.487	-146.7499	285.8942
320.4702	-146.75	408.7788
122.7691	113.25	52.84805
138.3589	89.24995	107.2787
385.8459	193.2499	531.1709
331.282	191.2498	614.7092
-0.7043331	0.2476527	0.2917444	0.5978864
0	0	1
0.000484348653117195
