-43.10573	-108.125	-166.9964
-57.13877	-108.125	-37.99645
-77.94468	-108.125	1.003571
-77.03871	-108.125	266.0036
-43.69627	75.87499	-196.9964
-60.82048	46.875	-33.99643
-72.03975	156.875	-15.02508
-71.44934	152.875	184.0036
43.1058	-108.125	-166.9964
57.13877	-108.125	-37.99643
77.94466	-108.125	1.003552
77.03865	-108.125	266.0036
43.69629	75.87498	-196.9964
60.82051	46.875	-33.99643
72.03979	156.875	-15.02512
71.44929	152.875	184.0036
-0.3878623	0.6034712	-0.5539247	-0.4225551
0	0	1
0.00099150906316936
