0.89018
0.88842
0.69921
0.83645
0.96058
0.99905
0.97543
0.94866
0.99076
0.92249
0.99238
0.98424
0.98637
0.93924
0.82467
0.98589
0.77338
0.53416
0.99455
0.81198
0.96182
-0.21763
0.98226
0.8645
0.82615
0.23707
0.97023
0.87396
0.91711
0.89338
0.89936
0.85381
0.93207
0.68116
0.92037
0.90576
0.53295
0.96709
0.61843
0.96478
0.98231
0.97389
0.87341
0.93255
0.9146
0.9796
0.87417
0.87287
0.99725
0.98103
0.99407
0.97674
0.98474
0.98128
0.79326
0.95247
0.63238
0.95684
0.99391
0.59619
0.93223
-0.025474
0.99426
0.9313
0.99537
0.68138
0.92057
0.82575
0.98392
0.77853
0.98458
0.84933
0.96477
0.93245
0.7197
0.77584
0.97088
0.5617
-0.33401
0.27717
0.98634
0.82666
0.96293
0.9981
0.91895
0.97207
0.95882
0.91904
0.95946
0.9796
