0.89579
0.89177
0.71013
0.84123
0.9601
0.99864
0.97729
0.96597
0.99599
0.91117
0.98029
0.99307
0.97896
0.93461
0.81651
0.97882
0.73261
0.55306
0.99773
0.81069
0.95952
-0.27718
0.9848
0.77823
0.86006
0.33173
0.98563
0.83876
0.89487
0.87774
0.8695
0.84688
0.93555
0.68018
0.91921
0.91357
0.56518
0.9605
0.64027
0.98626
0.98932
0.98255
0.86898
0.89044
0.97115
0.99767
0.88689
0.9752
0.99782
0.96774
0.99672
0.97195
0.99021
0.9892
0.8113
0.91777
0.63048
0.96279
0.97496
0.56692
0.93836
-0.046448
0.9842
0.94746
0.99556
0.6409
0.97042
0.80119
0.98235
0.71098
0.98699
0.8933
0.96989
0.91016
0.52367
0.77721
0.96696
0.49436
-0.56325
0.3922
0.97992
0.8164
0.96922
0.99783
0.91302
0.95005
0.88028
0.91579
0.98486
0.99822
