-33.46106	-150.7499	-316.3845
-27.87302	-150.7499	-243.914
-100.3832	-150.7499	-147.9222
-90.33456	-150.7499	46.11663
-71.51485	129.2499	-165.8275
-51.83186	54.24997	-83.0811
-135.1565	247.2498	148.7845
-120.0663	172.2499	257.7312
33.46107	-150.7499	-262.8467
27.87303	-150.7499	-199.3171
100.3833	-150.7499	12.69098
90.33453	-150.7499	190.6519
71.51486	129.2499	-51.40372
51.83187	54.24997	-0.150136
135.1565	247.2498	365.0348
120.0662	172.2499	449.8371
-0.4439872	0.5186071	-0.6340793	-0.3631326
0	0	1
0.000596907222643495
