-12.90109	-127.25	-161.0034
-39.68398	-127.25	-48.0034
-66.94621	-127.25	61.99654
-74.19279	-127.2499	261.9965
-5.578856	50.74997	-213.0033
-38.35461	103.75	-81.00339
-56.83455	166.7499	-13.97606
-63.80811	187.7499	192.9965
12.90109	-127.25	-161.0034
39.68398	-127.25	-48.0034
66.94623	-127.25	61.99654
74.19278	-127.25	261.9965
5.578847	50.74998	-213.0034
38.3546	103.75	-81.00339
56.83455	166.7499	-13.97607
63.80813	187.7499	192.9965
-0.1262858	0.675944	-0.7162024	-0.1191872
0	0	1000
1.02988660335541
