-37.96721	-143.375	-160.5959
-51.96336	-143.375	-52.59592
-65.47405	-143.375	47.40406
-61.7206	-143.375	257.4041
-20.14583	34.62496	-237.5959
-41.45397	121.625	-43.59591
-53.85143	234.625	85.17137
-55.01367	182.625	104.4041
37.96717	-143.375	-160.5959
51.96336	-143.375	-52.59594
65.47403	-143.375	47.40404
61.72062	-143.375	257.4041
20.14585	34.62499	-237.5959
41.45398	121.625	-43.59591
53.85143	234.625	85.17139
55.0137	182.625	104.4041
-0.2697845	0.6552396	-0.6513175	-0.2714091
0	0	1
0.000952820701058954
