-115.5394	-113.375	-382.3881
-18.73143	-113.375	-193.9417
-356.05	-113.3749	-384.7966
-401.2498	-113.3749	-113.9566
-141.4768	97.62496	-190.3381
-33.01125	33.62498	-52.76568
-351.3341	170.6249	-93.7706
-367.8397	151.6249	-16.22858
115.5394	-113.375	-197.525
18.73141	-113.3749	-163.9714
356.05	-113.3749	184.8835
401.2498	-113.3749	528.0432
141.4769	97.62497	36.02484
33.01126	33.62499	0.05234289
351.3342	170.625	468.3639
367.8398	151.6249	572.3151
-0.7990367	0.1015047	0.1408917	0.5756618
0	0	1000
0.478678494691849
