-116.1218	-108.25	-427.5253
-215.5574	-108.25	-436.9043
-637.1016	-108.25	-777.6027
-747.8106	-108.2501	-671.3829
-138.091	61.75005	-256.6913
-238.5208	61.75003	-266.1639
-414.2729	168.7501	-289.0621
-546.0871	140.7501	-233.5866
116.1219	-108.2501	-172.0571
215.5575	-108.2501	37.322
637.1014	-108.2501	624.0205
747.8105	-108.25	973.8004
138.0909	61.75005	47.10896
238.5209	61.75003	258.5818
414.2728	168.7501	622.3386
546.0871	140.7502	967.8048
-0.6717563	0.2627228	0.2782506	0.6342688
0	0	1
0.000329770991811529
