-84.00008	-146.8752	-267.7846
-89.92564	-146.8751	-207.094
-199.0003	-146.8752	-266.3733
-192.6599	-146.8752	-166.5979
-81.00007	104.125	-56.40552
-87.00009	65.12505	-32.57058
-198.0002	200.1252	17.22636
-195.0002	218.1253	78.33077
84.00011	-146.8751	-133.3844
89.92566	-146.8752	-63.21295
199.0003	-146.8751	52.02703
192.6597	-146.8751	141.6577
81.00006	104.125	73.19457
87.00009	65.12505	106.6295
198.0003	200.1253	334.0267
195.0001	218.1253	390.331
-0.6623771	0.2667773	0.2743656	0.6440575
0	0	1
0.000773147738073021
