-4.941382	-120.875	-184.2844
-23.85158	-120.875	-89.28445
-27.17762	-120.875	-5.284421
-42.61039	-120.875	302.7155
-8.029754	52.125	-170.2844
-20.17732	55.12498	-109.2844
-23.47157	193.125	30.99098
-33.35435	183.125	224.7156
4.941377	-120.875	-184.2844
23.85159	-120.875	-89.28445
27.17761	-120.875	-5.284419
42.61039	-120.875	302.7155
8.029737	52.125	-170.2844
20.17733	55.125	-109.2844
23.47157	193.125	30.99096
33.35434	183.125	224.7156
-0.223451	0.7500253	-0.5394585	-0.3106706
0	0	1000
0.999597787857056
