-4.941374	-120.875	-184.2844
-23.85157	-120.875	-89.28445
-27.17761	-120.875	-5.284428
-42.6104	-120.875	302.7155
-8.029749	52.12501	-170.2844
-20.17731	55.12499	-109.2844
-23.47156	193.125	30.99097
-33.35436	183.125	224.7156
4.941401	-120.875	-184.2844
23.85159	-120.875	-89.28444
27.17761	-120.875	-5.284426
42.61038	-120.875	302.7155
8.029741	52.125	-170.2844
20.17733	55.125	-109.2844
23.47158	193.125	30.99096
33.35433	183.125	224.7156
-0.223451	0.7500253	-0.5394585	-0.3106706
0	0	1000
0.999597787857056
