-36.74155	-114.125	-312.226
-16.33396	-114.125	-160.8999
-79.38809	-114.125	-108.3432
-69.74191	-114.125	134.3738
-62.98562	29.875	-225.0213
-54.4563	90.87501	-42.39777
-135.1566	187.875	65.90379
-122.0346	147.875	187.1396
36.74159	-114.125	-253.4395
16.33398	-114.125	-134.7655
79.38809	-114.125	18.67777
69.74193	-114.125	245.9607
62.98558	29.87498	-124.2443
54.4563	90.87498	44.73233
135.1566	187.875	282.1543
122.0346	147.875	382.3951
-0.2903745	0.6017604	-0.7010263	-0.2492573
0	0	1000
0.658154368400574
