-165.9996	-118.25	-298.0995
-167.9587	-118.25	-248.0791
-500.5924	-118.25	-255.396
-289.3826	-118.25	2.208981
-194.5307	47.74998	-270.3651
-204.9056	79.74999	-140.5526
-529.1235	160.7499	-103.3636
-376.0928	184.75	99.35391
165.9995	-118.25	-132.1
167.9587	-118.25	-80.12039
500.5924	-118.25	245.1965
289.3826	-118.25	291.5916
194.5307	47.75001	-75.83435
204.9057	79.75002	64.35313
529.1236	160.7501	425.7599
376.0926	184.75	475.4466
-0.2958042	0.5861444	-0.7141346	-0.2427889
0	0	1
0.000456278357887641
