-37.96721	-143.375	-160.5959
-51.96337	-143.375	-52.59593
-65.47405	-143.375	47.40406
-61.72061	-143.375	257.4041
-20.14585	34.62495	-237.5959
-41.45399	121.625	-43.59592
-53.85143	234.625	85.17137
-55.01368	182.625	104.4041
37.96717	-143.375	-160.5959
51.96336	-143.375	-52.59593
65.47402	-143.375	47.40404
61.72061	-143.375	257.4041
20.14584	34.62499	-237.5959
41.45397	121.625	-43.59592
53.85144	234.625	85.17137
55.0137	182.625	104.4041
-0.2697845	0.6552396	-0.6513175	-0.2714091
0	0	1
0.000952820701058954
