-24.2	-133.25	-294.8496
-67.68121	-133.25	-170.2421
-149.5999	-133.2498	-55.00981
-92.79869	-133.2498	126.7105
-73.69994	88.74989	-176.8496
-108.9	82.74989	-75.32977
-224.3998	203.7498	107.8287
-189.1998	157.7498	165.55
24.19997	-133.2499	-275.4896
67.68121	-133.2498	-116.0973
149.5998	-133.2498	64.67008
92.79865	-133.2498	200.9495
73.69994	88.74991	-117.8898
108.8999	82.74991	11.79016
224.3998	203.7498	287.3486
189.1998	157.75	316.9099
-0.1243394	0.6874518	-0.7051639	-0.1212163
0	0	1
0.000735623587388545
