-45.99995	-120.6249	-153.2385
-60.44014	-120.6248	-83.93874
-199.9997	-120.6249	26.76116
-214.6011	-120.6249	268.8609
-53.99994	77.37492	-155.0387
-73.99993	71.37492	-57.83876
-114.9998	206.3747	-14.52833
-145.9998	127.3748	168.9609
45.99996	-120.6249	-153.2386
60.44013	-120.6249	-83.93873
199.9997	-120.6249	26.76115
214.601	-120.6249	268.8609
53.99995	77.37492	-155.0387
73.99992	71.37492	-57.83876
115	206.3747	-14.52833
145.9998	127.3749	168.9611
-0.6579252	0.1292106	0.11601	0.7327896
0	0	1
0.000971972360275686
