-24.19998	-133.25	-294.8495
-67.68117	-133.25	-170.242
-149.5998	-133.2497	-55.00978
-92.79865	-133.2497	126.7104
-73.69989	88.74981	-176.8495
-108.8999	82.74985	-75.32972
-224.3997	203.7497	107.8287
-189.1997	157.7497	165.5499
24.19997	-133.2498	-275.4895
67.68121	-133.2498	-116.0972
149.5997	-133.2497	64.67006
92.79863	-133.2498	200.9494
73.69994	88.74985	-117.8897
108.8999	82.74987	11.79016
224.3997	203.7497	287.3485
189.1997	157.7499	316.9098
-0.1243394	0.6874518	-0.7051639	-0.1212163
0	0	1000
0.734281897544861
