-43.10575	-108.125	-166.9964
-57.13877	-108.125	-37.99644
-77.94466	-108.125	1.003574
-77.03868	-108.125	266.0036
-43.69627	75.87501	-196.9964
-60.82047	46.875	-33.99643
-72.03976	156.875	-15.0251
-71.4493	152.875	184.0036
43.10579	-108.125	-166.9964
57.13877	-108.125	-37.99643
77.94466	-108.125	1.003563
77.03865	-108.125	266.0036
43.69627	75.87499	-196.9964
60.82048	46.875	-33.99643
72.03978	156.875	-15.02512
71.44928	152.875	184.0036
-0.3878623	0.6034712	-0.5539247	-0.4225551
0	0	1000
0.989700794219971
