-18.63001	-153.5001	-324.389
-7.418299	-153.5	-161.4194
-127.17	-153.5001	-173.2207
-143.7311	-153.5	37.53038
-72.09003	85.50005	-168.9568
-66.42003	96.50005	-43.6208
-89.91004	204.5001	7.465207
-110.97	227.5001	317.5395
18.62996	-153.5001	-294.5809
7.418303	-153.5001	-149.5501
127.17	-153.5	30.25127
143.7311	-153.5001	267.5003
72.09003	85.50005	-53.61279
66.42003	96.50005	62.65125
89.91006	204.5	151.3212
110.9701	227.5001	495.0914
-0.5849797	0.401512	0.4096072	0.5734186
0	0	1
0.000573616183828563
