-84.00005	-146.8751	-267.7846
-89.92564	-146.8751	-207.094
-199.0002	-146.8751	-266.3732
-192.6598	-146.8752	-166.5979
-81.00005	104.125	-56.40553
-87.00006	65.12502	-32.5706
-198.0001	200.1251	17.22633
-195.0001	218.1252	78.33073
84.00005	-146.8751	-133.3844
89.92562	-146.8751	-63.21295
199.0002	-146.8751	52.02699
192.6597	-146.8751	141.6576
81.00004	104.125	73.19453
87.00005	65.12502	106.6294
198.0002	200.1252	334.0266
195	218.1252	390.3309
-0.6623771	0.2667773	0.2743656	0.6440575
0	0	1
0.000773147738073021
