-12.90108	-127.2499	-161.0033
-39.68396	-127.2499	-48.00336
-66.94617	-127.2499	61.99653
-74.19276	-127.2498	261.9964
-5.578847	50.74996	-213.0032
-38.3546	103.75	-81.00334
-56.83453	166.7499	-13.97603
-63.80808	187.7498	192.9964
12.90109	-127.2499	-161.0033
39.68396	-127.2499	-48.00338
66.9462	-127.2499	61.99651
74.19274	-127.2499	261.9964
5.578841	50.75	-213.0033
38.35458	103.75	-81.00336
56.83453	166.7498	-13.97606
63.80809	187.7498	192.9964
-0.1262858	0.675944	-0.7162024	-0.1191872
0	0	1000
1.02988660335541
