-165.9996	-118.25	-298.0995
-167.9587	-118.25	-248.0791
-500.5924	-118.25	-255.396
-289.3826	-118.25	2.208988
-194.5307	47.74997	-270.3651
-204.9056	79.74998	-140.5526
-529.1235	160.7499	-103.3636
-376.0928	184.75	99.35393
165.9995	-118.25	-132.1
167.9587	-118.25	-80.12039
500.5924	-118.25	245.1965
289.3826	-118.25	291.5916
194.5307	47.75002	-75.83437
204.9057	79.75004	64.35313
529.1237	160.7502	425.7598
376.0926	184.75	475.4466
-0.2958042	0.5861444	-0.7141346	-0.2427889
0	0	1
0.000456278357887641
