-10.04424	-150.375	-244.5235
-11.9677	-150.375	-118.4852
-90.87641	-150.375	-98.93954
-83.25711	-150.375	119.8701
-24.87144	114.625	-111.4371
-26.78463	119.625	-1.893656
-84.65855	165.625	31.68018
-77.96236	201.625	218.5174
10.04424	-150.375	-234.4792
11.96772	-150.375	-106.5175
90.87642	-150.375	-8.063143
83.25712	-150.375	203.1272
24.87144	114.625	-86.56562
26.78462	119.625	24.89098
84.65855	165.625	116.3387
77.96239	201.625	296.4799
-0.5372667	0.4329721	0.3761982	0.6183483
0	0	1000
0.803073227405548
