-76.17715	-104.375	-289.7942
-16.13485	-104.375	-170.7646
-333.0535	-104.375	-265.6077
-182.8031	-104.375	76.56751
-141.7249	65.62502	-258.6777
-28.34499	27.62501	-69.91177
-283.4498	180.625	-25.12292
-217.902	143.625	107.5983
76.17715	-104.375	-183.1463
16.13484	-104.375	-148.1759
333.0535	-104.375	200.6672
182.8031	-104.375	332.4919
141.7249	65.625	-60.26289
28.34498	27.62501	-30.2288
283.4498	180.625	371.7068
217.9021	143.625	412.6612
-0.5656998	0.4148361	0.3961073	0.5924473
0	0	1
0.00069992063799873
