-106	-127.6251	-167.4763
-39.74939	-127.625	-84.02212
-152.0001	-127.6251	-122.1001
-152.0676	-127.6251	-71.55079
-80.00001	74.37502	-36.70001
-66.00001	54.37502	-28.76999
-193.0001	176.3751	-28.84514
-197.0001	205.3751	46.55597
106.0001	-127.6251	-61.47632
39.74932	-127.625	-44.27275
152.0001	-127.625	29.89987
152.0676	-127.625	80.51676
80.00003	74.37502	43.30003
66.00005	54.37502	37.23003
193.0001	176.3751	164.155
197.0001	205.3751	243.556
-0.3102706	0.5407987	-0.7490596	-0.2240061
0	0	1000
0.835681200027466
