-18.63	-153.5002	-324.3891
-7.418287	-153.5001	-161.4194
-127.17	-153.5001	-173.2207
-143.7311	-153.5	37.5304
-72.09006	85.50008	-168.9568
-66.42005	96.50008	-43.62082
-89.91007	204.5002	7.465201
-110.97	227.5002	317.5396
18.62996	-153.5002	-294.581
7.418306	-153.5002	-149.5501
127.17	-153.5	30.25127
143.7311	-153.5002	267.5003
72.09003	85.50008	-53.6128
66.42003	96.50007	62.65126
89.91008	204.5001	151.3212
110.9702	227.5002	495.0915
-0.5849797	0.401512	0.4096072	0.5734186
0	0	1
0.000573616183828563
