-42.09008	-151.2498	-341.2437
-26.84266	-151.2499	-162.5706
-89.44144	-151.2498	-173.3897
-83.5843	-151.2498	123.7099
-43.04667	125.7499	-102.0136
-32.52415	91.74992	-9.447799
-82.74526	216.7498	61.14433
-78.9189	170.7498	268.3757
42.09007	-151.2498	-282.3176
26.84267	-151.2498	-124.9908
89.44143	-151.2498	-48.17178
83.58431	-151.2498	240.728
43.04669	125.7498	-41.74817
32.52417	91.74989	36.08603
82.74531	216.7498	176.9877
78.91895	170.7498	378.8621
-0.5979196	0.2917327	0.2476664	0.7043049
0	0	1
0.000652828661259264
