-106	-127.6252	-167.4765
-39.74942	-127.625	-84.0222
-152.0003	-127.6253	-122.1002
-152.0677	-127.6252	-71.55084
-80.00005	74.37505	-36.70001
-66.00005	54.37505	-28.77002
-193.0003	176.3752	-28.84515
-197.0003	205.3752	46.55602
106.0001	-127.6251	-61.47638
39.74934	-127.6251	-44.27282
152.0002	-127.6251	29.89989
152.0676	-127.625	80.51675
80.0001	74.37509	43.30002
66.0001	54.37505	37.23003
193.0003	176.3753	164.1552
197.0003	205.3753	243.5562
-0.3102706	0.5407987	-0.7490596	-0.2240061
0	0	1
0.000828918942715973
