-22.47037	-153.9999	-151.4556
-25.08938	-153.9999	-50.45566
-61.59984	-153.9999	33.5443
-79.85313	-153.9999	278.5442
-12.78487	106	-209.4556
-16.65907	75.99997	-96.45564
-65.0866	220.9999	-1.810123
-79.80858	212.9999	197.5442
22.4704	-153.9999	-151.4556
25.08939	-153.9999	-50.45567
61.59981	-153.9999	33.54429
79.85312	-153.9999	278.5442
12.78487	106	-209.4556
16.65907	75.99997	-96.45564
65.08659	220.9999	-1.810123
79.80858	212.9999	197.5442
-0.760457	0.110335	0.1340891	0.6257406
0	0	1
0.000915642012842
