0.60872
0.84485
0.92106
0.21701
0.57863
0.9858
0.75426
0.73731
0.96093
0.82278
0.89897
0.98668
0.90958
0.79746
0.73372
0.90271
0.90193
0.81436
0.97114
0.89774
-0.046197
-0.2067
0.81414
0.89897
0.81645
0.77812
0.95815
0.77187
0.99353
0.98622
0.95798
0.98296
0.53108
0.80129
0.66672
0.95377
0.22882
0.96164
0.98297
0.65688
0.50903
0.94551
0.88676
0.8738
0.97226
0.99972
0.85237
0.90474
0.86832
0.92096
0.93541
0.78072
0.97054
0.98211
0.80375
0.97703
0.26367
0.98672
0.58885
0.65814
0.95367
0.19848
0.75901
0.98785
0.98365
0.63235
0.92465
0.82825
0.92833
0.80619
0.98459
0.87072
0.87964
0.8605
0.96829
0.8019
0.92504
0.96296
0.97665
0.88009
0.9695
0.78386
0.88597
0.98949
0.95676
0.80189
0.92757
0.76824
0.9754
0.96682
