0.59626
0.84409
0.91733
0.19454
0.56889
0.98309
0.74977
0.66565
0.92641
0.82867
0.86306
0.99376
0.92037
0.78316
0.72396
0.86435
0.9079
0.79025
0.9763
0.89205
-0.03492
-0.24875
0.79897
0.84529
0.75489
0.87833
0.94326
0.74868
0.99083
0.98631
0.98815
0.9658
0.52997
0.71647
0.66123
0.95354
0.21928
0.96603
0.97753
0.66458
0.51744
0.9376
0.88479
0.82542
0.96239
0.99146
0.89383
0.99835
0.87607
0.87613
0.97755
0.76628
0.97211
0.99176
0.78518
0.95944
0.26803
0.97953
0.47256
0.63084
0.99917
0.14154
0.74379
0.97956
0.99396
0.59002
0.99701
0.77827
0.93675
0.74961
0.9878
0.90998
0.85992
0.84938
0.99995
0.79448
0.96971
0.94787
0.9725
0.96361
0.97778
0.76506
0.91209
0.98283
0.95403
0.66566
0.94347
0.84402
0.99329
0.99969
