-695.6236	-132.875	-196.2694
-984.6194	-132.875	-22.26946
-1465.25	-132.8749	23.73058
-1450.852	-132.8749	269.7305
-451.4156	41.12495	-184.2694
-510.6174	95.12495	-99.26942
-1465.249	183.1249	-20.11353
-1450.449	212.1248	228.7307
695.6234	-132.875	-196.2694
984.6194	-132.8749	-22.2696
1465.25	-132.8749	23.73035
1450.852	-132.8748	269.7304
451.4151	41.12497	-184.2694
510.6173	95.12495	-99.26945
1465.25	183.1251	-20.11366
1450.45	212.1249	228.7303
-0.4697452	0.4700524	-0.6708656	-0.3291343
0	0	1
0.000362942926585674
