-24.2	-133.25	-294.8497
-67.68124	-133.25	-170.2422
-149.5999	-133.2499	-55.00984
-92.79871	-133.2499	126.7106
-73.69996	88.74992	-176.8497
-108.9	82.74994	-75.32983
-224.3999	203.7499	107.8287
-189.1999	157.7499	165.5501
24.19998	-133.25	-275.4897
67.68124	-133.2499	-116.0973
149.5999	-133.2499	64.67012
92.79869	-133.2499	200.9496
73.69996	88.74994	-117.8899
108.9	82.74995	11.79015
224.3999	203.7499	287.3487
189.1999	157.75	316.9101
-0.1243394	0.6874518	-0.7051639	-0.1212163
0	0	1
0.000735623587388545
