-40.69996	-134.8749	-187.1273
-45.15378	-134.8749	-103.1273
-127.5999	-134.8749	-8.127337
-15.76467	-134.875	319.8726
-86.89992	49.12498	-223.1271
-107.8	90.12494	-31.1273
-178.2	213.1248	49.89099
-127.6	187.1249	182.8727
40.69997	-134.8749	-187.1272
45.15377	-134.8749	-103.1273
127.6	-134.8749	-8.127307
15.76476	-134.875	319.8726
86.89998	49.12498	-223.1272
107.8	90.12495	-31.12732
178.1998	213.1248	49.89101
127.6	187.1248	182.8727
-0.5474216	0.3082715	0.2267495	0.7442331
0	0	1
0.000897600315511227
