-43.10574	-108.125	-166.9964
-57.13878	-108.125	-37.99646
-77.94467	-108.125	1.003564
-77.03871	-108.125	266.0036
-43.69627	75.875	-196.9964
-60.82048	46.875	-33.99644
-72.03975	156.875	-15.0251
-71.44933	152.875	184.0036
43.10579	-108.125	-166.9964
57.13877	-108.125	-37.99644
77.94465	-108.125	1.003552
77.03865	-108.125	266.0036
43.69627	75.87499	-196.9964
60.82049	46.875	-33.99644
72.03978	156.875	-15.02513
71.44928	152.875	184.0036
-0.3878623	0.6034712	-0.5539247	-0.4225551
0	0	1
0.00099150906316936
