-115.5393	-113.375	-382.3878
-18.73144	-113.3749	-193.9415
-356.0497	-113.3748	-384.7962
-401.2494	-113.3748	-113.9566
-141.4767	97.62488	-190.338
-33.01124	33.62495	-52.76567
-351.3337	170.6247	-93.77054
-367.8393	151.6247	-16.22861
115.5393	-113.375	-197.5248
18.73137	-113.3748	-163.9713
356.0496	-113.3748	184.8833
401.2494	-113.3748	528.0427
141.4767	97.62486	36.02477
33.01122	33.62495	0.05230713
351.3338	170.6248	468.3634
367.8394	151.6248	572.3146
-0.7990367	0.1015047	0.1408917	0.5756618
0	0	1
0.000474805070552975
