-76.17715	-104.375	-289.7942
-16.13486	-104.375	-170.7646
-333.0535	-104.375	-265.6077
-182.8031	-104.375	76.56753
-141.7249	65.62505	-258.6777
-28.345	27.62502	-69.91177
-283.4498	180.625	-25.12292
-217.902	143.625	107.5983
76.17716	-104.375	-183.1463
16.13483	-104.375	-148.1759
333.0535	-104.375	200.6672
182.8031	-104.375	332.4919
141.7249	65.62502	-60.26288
28.34497	27.62502	-30.22879
283.4498	180.625	371.7068
217.9021	143.625	412.6612
-0.5656998	0.4148361	0.3961073	0.5924473
0	0	1000
0.632473468780518
