-0.0084242
0.8577
0.84517
0.76365
-0.8224
0.98492
0.90468
0.80182
0.93929
0.23698
0.79897
0.94863
0.78021
0.95706
0.83472
0.86323
0.75487
0.96797
0.98452
0.3605
0.65587
0.99836
0.49263
0.99493
0.64782
0.97839
0.86219
0.9782
0.64459
0.84036
0.75144
0.80623
0.709
0.86992
0.90267
0.88117
0.85743
0.95878
0.57833
0.56111
0.87737
0.98187
0.46816
0.80927
0.6003
0.29098
0.71385
0.86927
0.93845
0.80102
0.95309
0.94293
0.75295
0.70388
0.85921
0.79523
0.94119
0.91603
0.12307
0.87041
0.80048
0.84257
0.84729
0.73578
0.92347
0.96067
0.99014
0.54137
0.9119
0.74181
0.9044
0.97655
0.93215
0.92459
0.82686
0.82563
0.92873
0.83854
0.81382
0.8043
0.7812
0.44357
0.83204
0.99761
0.9689
0.88589
0.9765
0.93368
0.85802
0.87334
