-0.37292
0.87634
0.844
0.43188
0.19439
0.98025
0.79696
0.98695
0.7319
0.94081
0.87684
0.97991
0.76563
0.83884
-0.048599
0.19471
0.71494
0.98381
0.99889
0.63268
0.96168
0.82161
0.31444
0.70408
0.74373
0.52037
0.99937
0.23236
0.60841
0.64326
0.3416
0.51893
0.34416
0.69479
0.68855
0.94951
0.49461
0.85806
0.4419
0.55027
0.37796
0.97034
0.61172
0.95813
0.94744
0.87699
0.90115
0.98543
0.87466
0.93962
0.81655
0.93913
0.85224
0.91302
0.6096
0.79691
0.99857
0.90528
0.96273
0.64914
0.93952
0.97548
0.89041
0.46954
0.99021
0.54182
0.89822
0.97143
0.617
0.92617
0.94093
0.96525
0.26019
0.98104
0.35424
0.76184
0.85149
0.32819
0.84743
0.14391
0.93975
0.94051
0.97035
0.98896
0.97261
0.95029
0.68238
0.54701
0.97298
0.99219
