-37.9672	-143.375	-160.5959
-51.96336	-143.375	-52.59593
-65.47404	-143.375	47.40408
-61.7206	-143.375	257.4041
-20.14585	34.62497	-237.5959
-41.45399	121.625	-43.59593
-53.85143	234.625	85.17139
-55.01368	182.625	104.4041
37.96719	-143.375	-160.5959
51.96338	-143.375	-52.59592
65.47404	-143.375	47.40406
61.72062	-143.375	257.4041
20.14585	34.62498	-237.5959
41.45398	121.625	-43.59592
53.85145	234.625	85.17137
55.01371	182.625	104.4041
-0.2697845	0.6552396	-0.6513175	-0.2714091
0	0	1
0.000952820701058954
