-154.0684	-113.875	-451.47
-210.7712	-113.875	-325.5026
-510.708	-113.875	-498.4457
-605.5258	-113.8749	-328.7818
-119.8309	19.12498	-287.9562
-139.8028	63.125	-164.3309
-553.5047	200.1251	-309.795
-599.1547	173.125	-237.7477
154.0683	-113.875	-174.147
210.7711	-113.875	53.8857
510.7078	-113.8751	420.8287
605.5259	-113.875	761.165
119.8308	19.12498	-72.26062
139.8027	63.12499	87.31405
553.5048	200.125	686.5134
599.1548	173.125	840.7307
-0.1221805	0.6997913	-0.6929202	-0.1233921
0	0	1000
0.285320371389389
