-4.941383	-124.625	-177.7477
-7.138851	-124.625	-38.74766
-35.82505	-124.625	-6.747665
-27.21056	-124.625	286.2523
-15.64772	68.37498	-159.7477
-15.85361	44.375	-64.74766
-41.79588	181.375	-64.76624
-33.56024	204.375	226.2523
4.941391	-124.625	-177.7477
7.138847	-124.625	-38.74765
35.82502	-124.625	-6.747668
27.21057	-124.625	286.2523
15.64772	68.37498	-159.7477
15.85361	44.37499	-64.74766
41.79588	181.375	-64.76621
33.56026	204.375	226.2523
-0.5442802	0.3092244	0.2254483	0.7465336
0	0	1000
0.979901790618896
