0.48252
-0.48162
0.98405
0.52858
-0.77089
0.99277
0.86209
0.85584
0.7914
0.84785
0.95356
0.806
0.94842
0.90037
0.86751
0.94084
0.85424
0.93673
0.988
0.9265
0.90972
0.81109
-0.49786
0.90939
0.81099
0.76493
0.64316
0.84414
0.68287
0.91669
0.94067
0.87133
0.72883
0.89133
0.90693
0.78484
0.73704
0.63274
0.97367
0.7517
-0.04803
0.87635
0.98864
0.70331
0.78512
0.42829
0.86087
0.73505
0.94682
0.97861
0.77348
0.96604
0.96613
0.67351
0.75039
0.89619
0.76171
0.96729
0.93571
0.91274
0.88795
0.47573
0.58821
0.88757
0.81836
0.78378
0.52706
0.81151
0.53167
0.9678
0.97671
0.76615
0.94439
0.91102
0.73321
0.84184
0.99156
0.92894
0.54508
0.53793
0.80794
0.82405
0.90743
0.98073
0.6398
0.72291
0.5569
0.87171
0.83021
0.79555
