0.82426
-0.4765
0.97564
0.142
0.13586
0.98974
0.31415
0.68745
0.88718
0.031787
0.5381
0.98213
0.921
0.89717
0.015514
0.63069
0.54866
0.94594
0.95895
0.68133
0.012328
0.4463
-0.7416
0.93088
0.36981
0.81959
0.75054
-0.12043
0.73942
0.96809
0.55995
0.6308
0.4038
0.74854
0.56068
0.93964
0.67914
0.79676
0.92328
0.79469
-0.15661
0.89728
0.86915
-0.060835
0.34122
0.86588
0.80627
0.97991
0.5471
0.85626
0.89223
0.84861
0.92086
0.92425
0.36733
0.94128
0.91377
0.83617
0.025253
0.17472
0.97003
0.020753
0.64833
0.65357
0.95805
0.35839
0.65568
0.1766
0.87334
0.87159
0.97627
0.83754
0.075612
0.93494
0.79983
0.83842
0.87235
0.61741
0.94308
0.90873
0.94809
0.68979
0.93182
0.99503
0.63148
0.61877
0.95819
0.96305
0.985
0.9996
