-15.99999	-119.2502	-445.316
-36.47129	-119.2501	-160.2184
-170.0002	-119.25	148.4587
-85.15912	-119.25	635.0538
-31.00001	60.74999	-449.6031
-48.00003	59.75	-211.6646
-188.0002	182.7501	58.30769
-124.0002	173.7502	424.982
16.00003	-119.2502	-445.3161
36.47132	-119.2501	-160.2184
170.0002	-119.25	148.4587
85.15909	-119.25	635.0538
31.00006	60.74999	-449.6032
48.00006	59.74999	-211.6646
188.0002	182.7502	58.30768
124.0001	173.7502	424.982
-0.100502	0.8031033	-0.569975	-0.1416088
0	0	1
0.000456278357887641
