-45.99997	-120.6249	-153.2386
-60.44016	-120.6248	-83.93877
-199.9998	-120.6249	26.76117
-214.6011	-120.6249	268.861
-53.99996	77.37497	-155.0387
-73.99995	71.37498	-57.83878
-114.9999	206.3748	-14.52833
-145.9999	127.3749	168.961
45.99997	-120.6249	-153.2387
60.44016	-120.6249	-83.93875
199.9998	-120.6249	26.76116
214.6011	-120.6249	268.861
53.99996	77.37497	-155.0387
73.99994	71.37497	-57.83878
115	206.3748	-14.52833
145.9999	127.375	168.9612
-0.6579252	0.1292106	0.11601	0.7327896
0	0	1000
0.970199823379517
