-22.47036	-153.9999	-151.4555
-25.08937	-153.9998	-50.45566
-61.59982	-153.9999	33.54427
-79.85309	-153.9998	278.5441
-12.78487	105.9999	-209.4555
-16.65906	75.99991	-96.45562
-65.08658	220.9998	-1.810137
-79.80856	212.9998	197.5441
22.47039	-153.9999	-151.4556
25.08938	-153.9999	-50.45567
61.59979	-153.9998	33.54426
79.85309	-153.9999	278.5441
12.78487	105.9999	-209.4555
16.65907	75.99991	-96.45562
65.08656	220.9998	-1.810133
79.80855	212.9998	197.5441
-0.760457	0.110335	0.1340891	0.6257406
0	0	1
0.000915642012842
