-47.35133	-122.875	-326.2979
-53.62336	-122.875	-271.9427
-94.70273	-122.875	-155.9142
-58.46177	-122.875	108.7027
-17.69696	120.125	-96.90894
-32.04588	78.12498	-56.62297
-78.44063	158.125	184.3752
-73.17937	135.125	204.6568
47.35136	-122.875	-241.0654
53.62338	-122.875	-175.4206
94.70274	-122.875	14.55082
58.46174	-122.875	213.9339
17.69699	120.125	-65.05438
32.04589	78.12497	1.059621
78.44063	158.125	325.5683
73.17935	135.125	336.3798
-0.2841752	0.6187692	-0.6860598	-0.2563026
0	0	1000
0.698644042015076
