-24.20001	-145.8752	-316.086
-87.94803	-145.8752	-269.0842
-169.4003	-145.8752	-201.2458
-145.9353	-145.8752	71.52649
-57.20007	112.1251	-113.0856
-94.60013	98.12514	-95.20557
-148.5003	178.1252	4.878574
-128.7002	195.1253	233.1148
24.20004	-145.8752	-277.3659
87.94804	-145.8752	-128.3673
169.4003	-145.8752	69.79463
145.9353	-145.8752	305.023
57.20007	112.1252	-21.5655
94.60014	98.12511	56.15462
148.5002	178.1253	242.4789
128.7	195.1253	439.0351
-0.5939741	0.3949847	0.4159051	0.5640966
0	0	1
0.000627355475444347
