-22.47035	-153.9998	-151.4554
-25.08936	-153.9997	-50.45564
-61.5998	-153.9998	33.54427
-79.85306	-153.9997	278.544
-12.78486	105.9999	-209.4554
-16.65905	75.99988	-96.45557
-65.08654	220.9997	-1.810139
-79.80855	212.9997	197.544
22.47038	-153.9998	-151.4555
25.08938	-153.9998	-50.45564
61.59977	-153.9997	33.54425
79.85306	-153.9998	278.5439
12.78487	105.9999	-209.4554
16.65906	75.99988	-96.45558
65.08654	220.9997	-1.810123
79.80852	212.9997	197.544
-0.760457	0.110335	0.1340891	0.6257406
0	0	1000
0.913972198963165
