-2.264808	-143.125	-209.3573
-3.509139	-143.125	-149.9794
-40.97231	-143.125	-39.711
-50.92113	-143.125	215.3146
-12.55934	70.875	-143.5046
-12.76525	35.87501	-64.10748
-23.05978	233.8749	31.04408
-32.53078	231.875	271.0096
2.264802	-143.125	-207.0924
3.509149	-143.125	-146.4703
40.97231	-143.125	1.261324
50.92113	-143.125	266.2357
12.55934	70.87498	-130.9452
12.76524	35.875	-51.34223
23.0598	233.875	54.10387
32.53078	231.875	303.5406
-0.2984254	0.5783484	-0.7204627	-0.2395597
0	0	1
0.000812585989478976
