-115.5393	-113.375	-382.3879
-18.73142	-113.3749	-193.9416
-356.0499	-113.3748	-384.7964
-401.2496	-113.3748	-113.9566
-141.4767	97.62492	-190.338
-33.01123	33.62498	-52.76569
-351.3339	170.6248	-93.77058
-367.8395	151.6248	-16.22861
115.5394	-113.375	-197.5249
18.7314	-113.3748	-163.9714
356.0498	-113.3748	184.8834
401.2496	-113.3748	528.0429
141.4768	97.62492	36.02479
33.01125	33.62498	0.05231571
351.334	170.6249	468.3636
367.8396	151.6248	572.3148
-0.7990367	0.1015047	0.1408917	0.5756618
0	0	1
0.000474805070552975
