-695.6235	-132.875	-196.2693
-984.6191	-132.875	-22.26949
-1465.25	-132.8749	23.73068
-1450.852	-132.875	269.7305
-451.4156	41.12492	-184.2693
-510.6174	95.12489	-99.26942
-1465.249	183.1247	-20.11327
-1450.448	212.1246	228.7307
695.623	-132.8749	-196.2694
984.619	-132.8748	-22.2697
1465.249	-132.8748	23.73033
1450.852	-132.8747	269.7303
451.4149	41.12494	-184.2694
510.6171	95.12494	-99.26949
1465.249	183.1251	-20.11391
1450.449	212.125	228.7301
-0.4697452	0.4700524	-0.6708656	-0.3291343
0	0	1000
0.305902034044266
