-93.21128	-118.75	-345.0089
-316.3652	-118.75	-469.1625
-628.3138	-118.75	-719.1113
-723.6725	-118.75	-574.47
-217.4931	68.25002	-293.2906
-352.132	22.25001	-397.9293
-386.6547	178.2501	-315.0725
-486.7706	206.2501	-90.56786
93.21148	-118.75	-158.5861
316.3651	-118.75	163.5676
628.3138	-118.75	537.5162
723.6727	-118.75	872.8753
217.4932	68.25002	141.6957
352.1319	22.24999	306.3345
386.6544	178.25	458.2367
486.7705	206.25	882.9735
-0.7345128	0.2321239	0.3042452	0.5603966
0	0	1000
0.288173586130142
