-24.2	-145.8751	-316.0858
-87.94796	-145.875	-269.084
-169.4001	-145.8751	-201.2456
-145.9352	-145.875	71.52641
-57.20003	112.1251	-113.0856
-94.60004	98.12505	-95.20554
-148.5001	178.125	4.87855
-128.7001	195.1251	233.1146
24.20001	-145.875	-277.3656
87.94798	-145.875	-128.3673
169.4001	-145.8751	69.79453
145.9352	-145.8751	305.0227
57.20002	112.1251	-21.56551
94.60007	98.12504	56.15454
148.5001	178.1251	242.4787
128.7	195.1251	439.0347
-0.5939741	0.3949847	0.4159051	0.5640966
0	0	1000
0.632473468780518
