-106	-127.6252	-167.4764
-39.74942	-127.625	-84.02216
-152.0002	-127.6252	-122.1001
-152.0677	-127.6252	-71.55081
-80.00004	74.37502	-36.70001
-66.00004	54.37502	-28.77
-193.0002	176.3751	-28.84516
-197.0002	205.3752	46.556
106.0001	-127.6251	-61.47635
39.74933	-127.6251	-44.27277
152.0002	-127.6251	29.89988
152.0676	-127.625	80.51675
80.00005	74.37505	43.30003
66.00007	54.37503	37.23003
193.0002	176.3752	164.1551
197.0002	205.3752	243.5561
-0.3102706	0.5407987	-0.7490596	-0.2240061
0	0	1
0.000828918942715973
