-68.19998	-149.625	-283.0804
-68.51534	-149.625	-243.2696
-124.3	-149.625	-154.7404
-46.21738	-149.6249	142.1091
-69.29997	79.37497	-213.3403
-70.40001	94.37498	-79.00046
-165	212.3749	149.1232
-144.1	212.3749	228.5795
68.19999	-149.625	-201.2404
68.51534	-149.625	-161.0512
124.3	-149.625	-5.58048
46.21736	-149.6249	197.5699
69.29999	79.37498	-130.1805
70.39998	94.37498	5.479529
164.9999	212.3749	347.1231
144.1	212.375	401.4994
-0.4631097	0.4832953	-0.6613892	-0.338407
0	0	1
0.000639965350273997
