-46.8731	-134.5001	-309.4583
-5.660969	-134.5001	-167.7309
-66.48329	-134.5	-79.22426
-79.95197	-134.5	166.6946
-43.52503	51.49999	-156.8493
-22.95826	99.50005	-49.70922
-86.57176	181.5001	75.39665
-97.09427	205.5001	251.4094
46.87312	-134.5002	-253.2105
5.660954	-134.5	-160.9378
66.48331	-134.5	0.5557046
79.95193	-134.5	262.6371
43.52504	51.50002	-104.6192
22.95824	99.50005	-22.15931
86.57173	181.5001	179.2829
97.0943	205.5002	367.9225
-0.2886503	0.6065761	-0.6968637	-0.251252
0	0	1000
0.651637971401215
