-116.1218	-108.2501	-427.5255
-215.5574	-108.25	-436.9045
-637.1018	-108.2501	-777.603
-747.8109	-108.2502	-671.3832
-138.091	61.75006	-256.6915
-238.5209	61.75002	-266.1641
-414.273	168.7502	-289.0623
-546.0873	140.7501	-233.5867
116.122	-108.2502	-172.0572
215.5576	-108.2502	37.32193
637.1016	-108.2502	624.0206
747.8107	-108.25	973.8007
138.0909	61.75005	47.10888
238.521	61.75003	258.5818
414.2729	168.7502	622.3387
546.0872	140.7502	967.805
-0.6717563	0.2627228	0.2782506	0.6342688
0	0	1000
0.248218163847923
