-47.35135	-122.875	-326.2979
-53.62337	-122.875	-271.9428
-94.70274	-122.875	-155.9142
-58.46177	-122.875	108.7027
-17.69698	120.125	-96.90896
-32.04588	78.12499	-56.62298
-78.44064	158.125	184.3752
-73.17939	135.125	204.6569
47.35136	-122.875	-241.0654
53.62339	-122.875	-175.4206
94.70274	-122.875	14.55082
58.46175	-122.875	213.9339
17.697	120.125	-65.05438
32.04589	78.12498	1.059623
78.44064	158.125	325.5684
73.17938	135.125	336.3798
-0.2841752	0.6187692	-0.6860598	-0.2563026
0	0	1000
0.698644042015076
