-36.74159	-114.125	-312.226
-16.33396	-114.125	-160.8999
-79.38808	-114.125	-108.3432
-69.74191	-114.125	134.3738
-62.98561	29.875	-225.0213
-54.4563	90.875	-42.39775
-135.1566	187.875	65.90382
-122.0346	147.875	187.1396
36.74159	-114.125	-253.4395
16.33397	-114.125	-134.7655
79.38809	-114.125	18.67777
69.74191	-114.125	245.9607
62.98558	29.87499	-124.2443
54.45629	90.87499	44.73233
135.1566	187.875	282.1543
122.0346	147.875	382.3951
-0.2903745	0.6017604	-0.7010263	-0.2492573
0	0	1
0.000659356941469014
