-42.09011	-151.2499	-341.2439
-26.84267	-151.2499	-162.5707
-89.44148	-151.2499	-173.3898
-83.58435	-151.2499	123.71
-43.04669	125.75	-102.0136
-32.52417	91.74997	-9.447798
-82.74532	216.7499	61.14436
-78.91896	170.7499	268.3758
42.0901	-151.2499	-282.3177
26.84268	-151.2499	-124.9909
89.44147	-151.2499	-48.1718
83.58434	-151.2499	240.7281
43.0467	125.7499	-41.74818
32.52418	91.74995	36.08604
82.74533	216.7499	176.9878
78.91897	170.7499	378.8622
-0.5979196	0.2917327	0.2476664	0.7043049
0	0	1
0.000652828661259264
