0.50186
0.90321
0.99962
0.59628
-0.9556
0.95447
0.91923
0.94921
0.99949
0.85097
0.94873
0.83541
0.81114
0.85126
0.87749
0.91595
0.99608
0.50474
0.96793
0.54602
0.91271
0.64612
0.78173
0.86404
0.84863
0.71061
0.93417
0.84756
0.92846
0.96788
0.84631
0.94843
0.83869
0.84199
0.87548
0.87391
0.85275
0.74392
0.98136
0.933
0.97034
0.94966
0.38582
0.84332
0.84989
0.60985
0.90875
0.74501
0.84248
0.87703
0.89678
0.98048
0.74368
0.65624
0.85885
0.9654
0.93001
0.84239
0.94824
0.92718
0.90577
0.42015
0.79025
0.95948
0.83494
0.88245
0.81309
0.85437
0.80634
0.89129
0.95237
0.73601
0.96673
0.90032
0.88061
0.89114
0.96962
0.90124
0.54177
0.82333
0.86273
0.89689
0.99036
0.88927
0.88988
0.82286
0.74257
0.9603
0.85566
0.92379
