0.96053
0.88298
0.99944
0.26513
0.82013
0.9467
0.6415
0.69831
0.92983
0.18679
0.69156
0.93554
0.73485
0.93853
0.74063
0.76799
0.90029
0.37948
0.98827
0.51709
0.60857
0.97279
0.61771
0.77764
0.16664
0.76363
0.97894
0.17571
0.70817
0.96321
0.91552
0.79291
0.93083
0.68692
0.25255
0.67528
0.58843
0.73882
0.99745
0.88901
0.61306
0.92074
0.71766
0.14012
-0.06604
0.91533
0.89394
0.85431
0.31881
0.81951
0.4766
0.91643
0.79596
0.75485
0.32507
0.92615
0.93732
0.98662
0.078213
0.31106
0.9181
0.035194
0.92904
0.76068
0.94594
0.55046
0.97023
0.2587
0.70338
0.96991
0.96735
0.835
0.15872
0.97659
0.41916
0.93783
0.89024
0.52372
0.96574
0.39758
0.98602
0.74508
0.94337
0.89508
0.89329
0.58676
0.78965
0.638
0.91965
0.95556
