-24.20001	-145.8752	-316.0859
-87.94797	-145.8751	-269.0841
-169.4002	-145.8752	-201.2457
-145.9352	-145.8751	71.52647
-57.20005	112.1251	-113.0856
-94.60007	98.12509	-95.20555
-148.5002	178.1251	4.878578
-128.7001	195.1252	233.1147
24.20003	-145.8751	-277.3658
87.94803	-145.8751	-128.3673
169.4002	-145.8752	69.79459
145.9353	-145.8752	305.0229
57.20005	112.1251	-21.56549
94.60011	98.12508	56.15459
148.5002	178.1252	242.4788
128.7	195.1252	439.0349
-0.5939741	0.3949847	0.4159051	0.5640966
0	0	1
0.000627355475444347
