-2.264816	-143.125	-209.3573
-3.509148	-143.125	-149.9794
-40.97231	-143.125	-39.71098
-50.92111	-143.125	215.3146
-12.55934	70.875	-143.5046
-12.76525	35.87502	-64.10748
-23.05977	233.8748	31.04408
-32.53078	231.875	271.0096
2.264793	-143.125	-207.0923
3.509148	-143.125	-146.4703
40.9723	-143.125	1.261333
50.92116	-143.125	266.2357
12.55935	70.87495	-130.9451
12.76523	35.87501	-51.34222
23.05981	233.875	54.10386
32.53076	231.875	303.5405
-0.2984254	0.5783484	-0.7204627	-0.2395597
0	0	1
0.000812585989478976
