0.91082
0.935
0.89375
0.78191
0.94253
0.9984
0.93306
0.82933
0.91226
0.60026
0.88519
0.94375
0.9715
0.8943
0.1715
0.90693
0.84452
0.82786
0.92089
0.9184
0.88212
0.94436
0.95037
0.83443
0.68277
0.71992
0.97168
0.5256
0.82659
0.96783
0.98418
0.85795
0.97546
0.98735
0.55888
0.97834
0.57196
0.98561
0.92264
0.83699
0.97453
0.96554
0.83329
0.50179
0.98321
0.23799
0.57616
0.75203
0.90362
0.9356
0.99102
0.80272
0.96292
0.98773
0.75902
0.96321
0.94228
0.99858
0.70726
0.30011
0.91201
0.91493
0.34614
0.98122
0.97924
0.76427
0.90252
0.35659
0.96247
0.96599
0.94058
0.89067
0.26831
0.95796
0.91739
0.84195
0.92703
0.95626
0.82009
0.57481
0.91639
0.93765
0.96838
0.94868
0.95241
0.87107
0.97717
0.89626
0.90005
0.97388
