0.91909
0.92679
0.89752
0.79961
0.94615
0.99908
0.92796
0.78968
0.84262
0.56965
0.87697
0.94835
0.96873
0.8942
0.15321
0.86154
0.84003
0.81172
0.91062
0.91827
0.87549
0.96499
0.941
0.79744
0.50458
0.84581
0.9899
0.48583
0.80649
0.96344
0.95116
0.85103
0.97806
0.9727
0.55289
0.98456
0.56283
0.98262
0.92425
0.81996
0.97047
0.95439
0.82815
0.40896
0.99364
0.21308
0.55005
0.85653
0.89493
0.91509
0.96503
0.78986
0.98552
0.96244
0.73892
0.98357
0.93919
0.99956
0.70164
0.26443
0.9602
0.92818
0.20934
0.97081
0.99769
0.72821
0.96674
0.2251
0.97465
0.92079
0.94618
0.9218
0.23323
0.96559
0.79458
0.82316
0.98566
0.92515
0.64704
0.67963
0.95736
0.9267
0.96348
0.95153
0.94764
0.83215
0.9761
0.78888
0.89075
0.98658
