-33.46103	-150.7498	-316.3843
-27.873	-150.7498	-243.9139
-100.3831	-150.7498	-147.9221
-90.33451	-150.7498	46.1166
-71.51479	129.2498	-165.8274
-51.83185	54.24996	-83.08109
-135.1564	247.2497	148.7844
-120.0663	172.2498	257.731
33.46104	-150.7498	-262.8466
27.87301	-150.7498	-199.317
100.3833	-150.7498	12.69096
90.33449	-150.7498	190.6518
71.51482	129.2498	-51.40372
51.83184	54.24995	-0.1501441
135.1564	247.2497	365.0346
120.0661	172.2498	449.8369
-0.4439872	0.5186071	-0.6340793	-0.3631326
0	0	1
0.000596907222643495
